
============================== Base_model: r2plus1d_multiclass ==============================
arguments: {'base_model_name': 'r2plus1d_multiclass', 'pretrained': True, 'lr': 0.0001, 'start_epoch': 1, 'num_epochs': 17, 'layers_list': ['layer3', 'layer4', 'fc'], 'continue_epoch': False, 'num_classes': 10, 'batch_size': 8, 'n_total': 49901, 'test_n': 4990, 'val_n': 9980, 'annotation_path': 'dataset/annotation_dict.json', 'augmented_annotation_path': 'dataset/augmented_annotation_dict.json', 'model_path': 'model_checkpoints/r2plus1d_augmented-2/', 'history_path': 'histories/history_r2plus1d_augmented-2.txt'}

checkpoint name: r2plus1d_multiclass_1_0.0001 
train loss: 0.84128 || train accuracy: 0.70241 || train f1: 0.70241 || train precision: 0.70241 || train recall: 0.70241
[[2694  243   40    5  151   33   55  135   28  113]
 [ 270 2706   62  122   97  157   21  165   38  105]
 [  21   13 3119  111    2   38   94   12    6  729]
 [   4   50  217 1850    3  112   47    6   13  145]
 [ 313  224   10   14  832   32    0   31   11   33]
 [  51  102  106  172   36  863   75   10  117  140]
 [  45   23  126   61    1   43 1418   31  348  596]
 [ 147  197   33    8    9   20   60 1787   75  165]
 [  23   29    7   12    4   47  261   35 2974 1130]
 [  55   43  542   59    9   78  304   50  779 6293]]
val loss: 0.54145 || val accuracy: 0.80251 || val f1: 0.80251 || val precision: 0.80251 || val recall: 0.80251
[[ 830   51    3    0   37   16    4   16    2   14]
 [  24  878    9   35   21   47    8   11    0   17]
 [  11    0 1016   17    9   15    6    2    0  108]
 [   1    3   26  634    5   33    5    0    0   11]
 [  33   19    0    0  354   10    0    2    1    1]
 [   4    5   14   48    8  385    7    0    3    8]
 [  13    3   35    6    2   22  515    7   47  114]
 [   9   28    3    0    1   10    6  613   11   21]
 [   3    1    3    2    1   16   96    8  810  374]
 [  10    2  139   11    6   30   91   20   90 1974]]

checkpoint name: r2plus1d_multiclass_2_0.0001 
train loss: 0.48119 || train accuracy: 0.83021 || train f1: 0.83021 || train precision: 0.83021 || train recall: 0.83021
[[3215   57   15    0   75   14   28   41   14   38]
 [  79 3293   25   69   47   96    8   59   19   48]
 [  14    3 3527   44    2   18   66    6    1  464]
 [   1   36   84 2156    2   73   29    2    8   56]
 [  96   60    1    3 1303   18    0    9    2    8]
 [  24   82   47   99   14 1276   31    5   37   57]
 [  33    7   68   30    1   24 1848   16  253  412]
 [  35   64   16    4    1    5   27 2214   47   88]
 [  15   11    4    5    6   22  207   20 3434  798]
 [  28   19  374   28    3   51  281   51  643 6734]]
val loss: 0.5227 || val accuracy: 0.80792 || val f1: 0.80792 || val precision: 0.80792 || val recall: 0.80792
[[ 932    2    0    0    3    3    8   10    6    9]
 [  16  949    7   14    4   21    9   15    2   13]
 [   2    0  882    4    1   11   29    2    4  249]
 [   0   10   31  542    3   98    9    1    3   21]
 [  18    9    0    0  388    3    0    2    0    0]
 [   6   31    6   13    8  359   10    4   24   21]
 [   2    0    4    3    0   11  596    2   93   53]
 [   1    4    0    0    0    0    8  666   14    9]
 [   2    6    0    1    0    3   71   10 1165   56]
 [   8    7   25    4    0    9  153   22  561 1584]]

checkpoint name: r2plus1d_multiclass_3_0.0001 
train loss: 0.32589 || train accuracy: 0.88474 || train f1: 0.88474 || train precision: 0.88474 || train recall: 0.88474
[[3363   26   12    2   30    9   18   14    8   15]
 [  32 3534   12   32   21   58    3   23    6   22]
 [  10    8 3704   41    0    9   40    9    0  324]
 [   2   20   50 2277    2   43   18    1    4   30]
 [  37   28    1    0 1417   11    1    0    3    2]
 [  13   47   28   58    7 1445   16    4   28   26]
 [  17    4   42   18    0   18 2093   12  184  304]
 [  14   19    9    1    1    3   15 2352   35   52]
 [   7    8    5    4    3   18  175   25 3634  643]
 [  16    9  282   15    1   30  238   36  499 7086]]
val loss: 0.43991 || val accuracy: 0.84449 || val f1: 0.84449 || val precision: 0.84449 || val recall: 0.84449
[[ 906   16    4    0   12    4    5   14    3    9]
 [   0  991   11   21    7    8    1    2    3    6]
 [   1    0 1080   18    0    3   15    1    5   61]
 [   0    6   12  679    0   15    4    1    0    1]
 [   2    5    0    0  409    2    0    2    0    0]
 [   3   19   15   61   14  349    7    1    5    8]
 [   4    7   28    5    0    8  485    4  123  100]
 [   3   21    3    1    1    2    3  640   19    9]
 [   2    1    1    2    0    9   20    7 1058  214]
 [   5    8  199   13    0    9   66    7  235 1831]]

checkpoint name: r2plus1d_multiclass_4_0.0001 
train loss: 0.21194 || train accuracy: 0.92551 || train f1: 0.92551 || train precision: 0.92551 || train recall: 0.92551
[[3407   19    5    0   18    9   13   13    4    9]
 [  20 3631    4   12    9   33    2   17    2   13]
 [   5    3 3858   20    0    6   21    3    3  226]
 [   0   14   38 2335    0   30   13    1    1   15]
 [  26   12    0    0 1446    8    0    1    1    6]
 [   9   37    8   43    7 1527    9    1   15   16]
 [  12    1   20   10    0    9 2311    9  137  183]
 [   6   19    2    1    0    0    9 2432   11   21]
 [   2    6    3    1    0    9  125    7 3933  436]
 [   7    6  188    6    4   15  166   17  354 7449]]
val loss: 0.51532 || val accuracy: 0.83397 || val f1: 0.83397 || val precision: 0.83397 || val recall: 0.83397
[[ 957    0    1    0    3    1    1    1    0    9]
 [  24  935   16   27   11   12    1    7    4   13]
 [   6    0  998    5    0    2   13    0    1  159]
 [   0    3   30  643    2   10    6    1    1   22]
 [   4    3    0    0  413    0    0    0    0    0]
 [  10   11   14   84    5  300   13    3    8   34]
 [  12    1   27    2    0    0  481    6   55  180]
 [  11    4    3    0    1    1    2  663    5   12]
 [   8    3    2    0    1    1   24   18  830  427]
 [  24    8  101    1    1    4   48   22   61 2103]]

checkpoint name: r2plus1d_multiclass_5_0.0001 
train loss: 0.14594 || train accuracy: 0.95076 || train f1: 0.95076 || train precision: 0.95076 || train recall: 0.95076
[[3429   14    1    0   18    3   14    8    1    9]
 [  20 3644    5   17    7   17    1   15    5   12]
 [   2    3 3986   18    0    4   15    0    1  116]
 [   0   14   16 2372    1   24    9    0    1   10]
 [  21   11    0    1 1460    2    0    1    2    2]
 [   5   21    9   22    2 1578    6    2    9   18]
 [   8    2   14   10    0    6 2454    3   79  116]
 [   9   16    2    1    1    1    5 2437    9   20]
 [   5    7    3    3    0    2   72    6 4172  252]
 [   3    2  132    8    2   11  110   17  248 7679]]
val loss: 0.4641 || val accuracy: 0.8524 || val f1: 0.8524 || val precision: 0.8524 || val recall: 0.8524
[[ 937   11    0    0   10    3    2    7    0    3]
 [   2  992    3   19   10   10    1    7    0    6]
 [   6    2 1005   27    0   11   23    5    3  102]
 [   1    6    9  673    0   18    2    2    1    6]
 [   2    4    0    0  413    0    0    1    0    0]
 [   7   20   12   36    2  384    3    2    6   10]
 [  13    3   13   10    0   13  573   11   43   85]
 [   2    9    5    0    0    2    3  672    4    5]
 [   2    8    3    2    0    4   68   15  936  276]
 [  13   14  115   13    0   21  135   20  120 1922]]

checkpoint name: r2plus1d_multiclass_6_0.0001 
train loss: 0.1062 || train accuracy: 0.96462 || train f1: 0.96462 || train precision: 0.96462 || train recall: 0.96462
[[3444   13    1    0   13    7    6    5    3    5]
 [  10 3676    4   10    8   15    1    8    3    8]
 [   0    3 4001   11    0    7   15    0    3  105]
 [   0    4   19 2391    1   14    8    0    2    8]
 [  16    8    0    1 1472    1    0    0    0    2]
 [   3   15    7   15    3 1600    4    1   14   10]
 [  10    2    7    9    0    5 2532    2   64   61]
 [   5    8    1    2    1    0    2 2456   10   16]
 [   1    4    2    0    1   12   52    6 4267  177]
 [   7    3   96    2    0    9   72   12  155 7856]]
val loss: 0.50208 || val accuracy: 0.85391 || val f1: 0.85391 || val precision: 0.85391 || val recall: 0.85391
[[ 958    1    0    0    5    1    4    1    0    3]
 [   8 1004    8    8    8   11    1    0    0    2]
 [   3    8 1014   11    0    3   19    3    2  121]
 [   0   18   21  635    0   31    5    1    0    7]
 [   7    4    0    0  405    3    0    1    0    0]
 [   5   14   10   31    5  384    5    3   13   12]
 [   9    5   17    6    0    5  542    7   77   96]
 [  12   20    2    0    0    0    2  652    8    6]
 [   6    4    6    2    0    5   42   11 1029  209]
 [  13   12  104    6    0    8   91   15  225 1899]]

checkpoint name: r2plus1d_multiclass_7_0.0001 
train loss: 0.0869 || train accuracy: 0.97106 || train f1: 0.97106 || train precision: 0.97106 || train recall: 0.97106
[[3446   12    3    0   12    2    6    8    2    6]
 [  12 3685    1    6    8   18    0    8    2    3]
 [   3    3 4040   16    0    4   10    2    0   67]
 [   0    6   16 2393    0   13    4    0    4   11]
 [  12    8    1    1 1471    3    0    0    1    3]
 [   2   11    7   21    4 1598   10    2   11    6]
 [   4    2    5    7    0    7 2566    4   38   59]
 [   6    7    0    2    0    0    3 2463    7   13]
 [   3    2    0    1    0    4   36    6 4332  138]
 [   4    4   63    4    1   10   63   11  126 7926]]
val loss: 0.5281 || val accuracy: 0.84419 || val f1: 0.84419 || val precision: 0.84419 || val recall: 0.84419
[[ 924    3    1    0    0    1   11   22    2    9]
 [  19  950   14   15    1   10    5   17    1   18]
 [   4    0  982    7    0    3   30    2    5  151]
 [   0    5   35  631    0   22   11    1    2   11]
 [  34   13    1    0  355    4    0    8    2    3]
 [   8   15   14   26    0  368   11    5   11   24]
 [   3    0   12    3    0    2  581    0   59  104]
 [   1    0    3    0    0    0    8  676    5    9]
 [   2    0    1    1    0    2   61   11 1006  230]
 [   4    2  104    2    0    6   99   24  180 1952]]

checkpoint name: r2plus1d_multiclass_8_0.0001 
train loss: 0.07492 || train accuracy: 0.97449 || train f1: 0.97449 || train precision: 0.97449 || train recall: 0.97449
[[3452   11    2    0   10    3    6    4    2    7]
 [  12 3683    2    6    7   15    0    9    6    3]
 [   2    3 4045    9    0    2    9    1    0   74]
 [   0    4   10 2412    0   10    3    0    0    8]
 [  13    9    0    1 1471    5    0    0    0    1]
 [   5   20    6   16    6 1594    4    1    9   11]
 [   5    0    4    2    0    2 2591    0   41   47]
 [   4   10    0    0    1    1    6 2464    6    9]
 [   2    3    1    1    0    7   41    4 4341  122]
 [   6    2   63    3    1    8   39    8   95 7987]]
val loss: 0.51693 || val accuracy: 0.8522 || val f1: 0.8522 || val precision: 0.8522 || val recall: 0.8522
[[ 925    5    4    0   14    3    6    4    2   10]
 [   6 1001    9   13    3   13    0    1    0    4]
 [   0    2  987   18    2    7   30    3    6  129]
 [   0    5   18  663    0   19    6    1    1    5]
 [   1    4    0    0  411    3    0    1    0    0]
 [   2   12    6   36    0  401    7    1    9    8]
 [   2    4   19    4    0    9  551    6   88   81]
 [   2    4    2    0    0    1    3  668   11   11]
 [   2    4    1    1    0    9   45    5 1117  130]
 [   5   14   89   11    1   10   95   14  353 1781]]

checkpoint name: r2plus1d_multiclass_9_0.0001 
train loss: 0.06272 || train accuracy: 0.97887 || train f1: 0.97887 || train precision: 0.97887 || train recall: 0.97887
[[3455    9    0    0   11    3    6    6    3    4]
 [   8 3694    3    9    5   11    0    5    3    5]
 [   1    0 4073    8    0    4    6    2    0   51]
 [   0    7   13 2404    1   13    5    1    0    3]
 [  13    7    1    1 1475    2    0    0    0    1]
 [   5    7    3   13    2 1630    1    1    5    5]
 [   5    2    3    5    0    1 2605    3   29   39]
 [  10    4    2    0    0    2    5 2466    6    6]
 [   1    5    0    3    0    3   33    9 4373   95]
 [   5    2   48    4    1    2   35    5   92 8018]]
val loss: 0.5483 || val accuracy: 0.85541 || val f1: 0.85541 || val precision: 0.85541 || val recall: 0.85541
[[ 909    6    0    0    6    5   26    2    9   10]
 [   8 1001    2   13    5    7    1    4    4    5]
 [   0    1  971   27    0    8   26    6    6  139]
 [   0    6    9  679    1   12    4    3    2    2]
 [   3    3    0    0  413    1    0    0    0    0]
 [   2    9    6   44   12  369    9    7   10   14]
 [   2    2    7    6    0    5  562    9   74   97]
 [   2    7    3    0    0    0    1  672    8    9]
 [   1    1    1    1    0    4   47   10 1059  190]
 [   2    7   74   14    0   14   84   17  259 1902]]

checkpoint name: r2plus1d_multiclass_10_0.0001 
train loss: 0.05572 || train accuracy: 0.98133 || train f1: 0.98133 || train precision: 0.98133 || train recall: 0.98133
[[3477    4    0    0    7    1    6    1    0    1]
 [   6 3708    1    6    6    9    0    5    1    1]
 [   0    1 4076   12    0    1    4    2    2   47]
 [   0    3   13 2414    0    5    7    0    0    5]
 [  10    9    0    0 1477    1    0    1    1    1]
 [   0    9    3    8    2 1637    0    1    6    6]
 [   7    1    2    4    0    1 2605    0   30   42]
 [   3    4    1    0    0    1    2 2482    3    5]
 [   0    3    0    0    0    5   29    5 4379  101]
 [   0    0   43    9    1    5   36    5   89 8024]]
val loss: 0.58618 || val accuracy: 0.8493 || val f1: 0.8493 || val precision: 0.8493 || val recall: 0.8493
[[ 890   18    0    0   52    2    1    5    1    4]
 [   0  951    2   30   47    8    2    4    3    3]
 [   4    2 1025   19    2    7   16    3    3  103]
 [   0    3   19  675    1    9    6    0    0    5]
 [   1    0    0    0  418    1    0    0    0    0]
 [   2   16    9   49   15  366    5    2    5   13]
 [   6    5   21    8    2    6  579    4   43   90]
 [   1    6    2    0    5    0    3  674    4    7]
 [   3    2    4    1   10    3   78    9 1009  195]
 [   7   10  124    9   11   15  105   11  192 1889]]

checkpoint name: r2plus1d_multiclass_11_0.0001 
train loss: 0.04944 || train accuracy: 0.98277 || train f1: 0.98277 || train precision: 0.98277 || train recall: 0.98277
[[3466   10    2    0    6    2    2    3    2    4]
 [  10 3696    2    4    4   11    1    8    2    5]
 [   1    1 4084   11    0    1    3    0    0   44]
 [   0    5    9 2419    1    5    3    0    0    5]
 [   8    4    1    0 1482    3    0    0    1    1]
 [   3    8    3    7    1 1641    3    1    1    4]
 [   1    0    4    5    0    2 2618    6   29   27]
 [   5   10    1    1    1    0    8 2462    6    7]
 [   3    3    1    0    0    1   29    5 4408   72]
 [   4    4   41    1    0    4   22    9   74 8053]]
val loss: 0.60789 || val accuracy: 0.8491 || val f1: 0.8491 || val precision: 0.8491 || val recall: 0.8491
[[ 946    4    1    0    4    2    3    7    0    6]
 [  15  960   11   14   25   11    1    9    1    3]
 [   2    2  982   18    2    6   21    0    5  146]
 [   0    5   28  645    1   28    6    0    0    5]
 [   6    0    0    0  414    0    0    0    0    0]
 [   8    8   14   41   11  379    7    1    3   10]
 [   7    3   15    2    1    6  583    2   56   89]
 [  14    2    5    1    0    1    5  656    5   13]
 [   5    3    1    1    0    7   71    4 1034  188]
 [  10   10   89   13    1   20  103    8  244 1875]]

checkpoint name: r2plus1d_multiclass_12_0.0001 
train loss: 0.04842 || train accuracy: 0.98365 || train f1: 0.98365 || train precision: 0.98365 || train recall: 0.98365
[[3465   10    0    0    8    2    1    5    1    5]
 [   8 3695    3    2   12    7    0    9    2    5]
 [   0    2 4090    6    0    0    3    0    0   44]
 [   0    3    8 2421    0    7    1    0    1    6]
 [  12    6    0    0 1480    1    0    0    1    0]
 [   3   10    3   13    0 1631    2    0    7    3]
 [   3    1    3    2    0    3 2626    1   21   32]
 [   6    8    1    0    0    0    2 2473    6    5]
 [   0    1    0    2    1    4   25    4 4410   75]
 [   2    2   36    4    0    7   27    2   63 8069]]
val loss: 0.5848 || val accuracy: 0.8513 || val f1: 0.8513 || val precision: 0.8513 || val recall: 0.8513
[[ 941    1    0    0    0    2    3   14    3    9]
 [  13  975    6   17    3   19    3    4    2    8]
 [   4    0  942   19    0   12   27    1    4  175]
 [   0    6   19  655    0   14    8    0    1   15]
 [  16    5    0    0  396    1    0    2    0    0]
 [  10    6    8   34    6  375    7    2   15   19]
 [   7    3   11    8    0    7  578    3   50   97]
 [   7    4    0    0    0    2    6  670    5    8]
 [   4    3    1    1    0   11   67    6  966  255]
 [  13    7   57    6    0   17  109   12  154 1998]]

checkpoint name: r2plus1d_multiclass_13_0.0001 
train loss: 0.04273 || train accuracy: 0.98666 || train f1: 0.98666 || train precision: 0.98666 || train recall: 0.98666
[[3476    7    0    0    6    1    3    1    0    3]
 [   7 3708    1    3    2    9    1    6    2    4]
 [   1    1 4092    5    0    2    5    1    0   38]
 [   1    4    8 2413    0   11   10    0    0    0]
 [   6    5    1    0 1484    2    0    0    1    1]
 [   3    6    2   10    2 1639    1    1    5    3]
 [   2    0    4    5    0    1 2641    0   12   27]
 [   1    5    0    0    1    1    0 2483    6    4]
 [   0    2    1    1    1    5   13    3 4442   54]
 [   2    3   32    3    0    2   21    2   60 8087]]
val loss: 0.62327 || val accuracy: 0.8517 || val f1: 0.8517 || val precision: 0.8517 || val recall: 0.8517
[[ 947    3    0    1    6    3    0    5    2    6]
 [   4  975    2   31   18    6    0    1    5    8]
 [   2    1 1021   26    3    1    9    0    3  118]
 [   0    4   25  670    0    9    2    0    0    8]
 [   6    4    0    0  410    0    0    0    0    0]
 [   4   16   17   57   18  333    8    3   12   14]
 [   8    2   17   23    3    2  493    2   84  130]
 [   1    8    3    1    1    0    4  654   16   14]
 [   4    1    3    0    3    0   27    2 1008  266]
 [   6    7  106    8    1    5   57    5  189 1989]]

checkpoint name: r2plus1d_multiclass_14_0.0001 
train loss: 0.04029 || train accuracy: 0.98663 || train f1: 0.98663 || train precision: 0.98663 || train recall: 0.98663
[[3469    4    1    1    8    1    6    6    1    0]
 [   3 3716    1    6    4    7    0    4    0    2]
 [   0    0 4098    6    0    0    3    1    0   37]
 [   0    4    7 2421    0    6    5    1    0    3]
 [   9    7    0    1 1479    1    0    2    0    1]
 [   0   11    1    8    0 1642    0    0    6    4]
 [   5    0    1    4    0    1 2637    3   16   25]
 [   5    7    3    0    1    0    4 2463    5   13]
 [   2    1    0    0    1    4   15    4 4444   51]
 [   0    1   31    1    1    5   23    6   49 8095]]
val loss: 0.62318 || val accuracy: 0.85661 || val f1: 0.85661 || val precision: 0.85661 || val recall: 0.85661
[[ 935    4    0    0    8    3    2    5    5   11]
 [   9 1002    3   16    4    4    0    4    4    4]
 [   2    4 1002    6    2    1   19    4    6  138]
 [   0    9   21  651    1   14    4    3    4   11]
 [   5    3    0    0  412    0    0    0    0    0]
 [   8   17   14   31    9  350    5    4   16   28]
 [   5    0   15    4    1    4  505    2   84  144]
 [   8    1    1    0    2    0    3  654   17   16]
 [   2    2    2    0    0    0   35    4 1064  205]
 [   8    8   90    4    0    4   45    3  237 1974]]

============================== Base_model: r2plus1d_multiclass ==============================
arguments: {'base_model_name': 'r2plus1d_multiclass', 'pretrained': True, 'lr': 0.0001, 'start_epoch': 14, 'num_epochs': 17, 'layers_list': ['layer3', 'layer4', 'fc'], 'continue_epoch': True, 'num_classes': 10, 'batch_size': 8, 'n_total': 49901, 'test_n': 4990, 'val_n': 9980, 'annotation_path': 'dataset/annotation_dict.json', 'augmented_annotation_path': 'dataset/augmented_annotation_dict.json', 'model_path': 'model_checkpoints/r2plus1d_augmented-2/', 'history_path': 'histories/history_r2plus1d_augmented-2.txt'}

checkpoint name: r2plus1d_multiclass_14_0.0001 
train loss: 0.03933 || train accuracy: 0.98746 || train f1: 0.98746 || train precision: 0.98746 || train recall: 0.98746
[[3467    4    1    0    9    2    3    7    2    2]
 [   6 3713    1    0    6    6    1    5    2    3]
 [   0    2 4110    1    0    2    4    0    1   25]
 [   0    1    6 2429    0    4    2    0    0    5]
 [   5    8    0    0 1483    2    0    0    1    1]
 [   1    5    1    5    2 1646    4    0    4    4]
 [   3    0    1    3    0    2 2638    2   14   29]
 [   5    8    0    0    0    0    3 2472    6    7]
 [   1    0    0    0    1    2   14    4 4442   58]
 [   2    5   25    5    1    3   23    7   48 8093]]
val loss: 0.64796 || val accuracy: 0.8512 || val f1: 0.8512 || val precision: 0.8512 || val recall: 0.8512
[[ 948    6    0    0    3    0    5    1    1    9]
 [   6  961    8   29    4   25    2    3    5    7]
 [   2    0  942   17    0    6   20    1    4  192]
 [   1    4   16  650    0   33    2    2    2    8]
 [   3    2    0    0  415    0    0    0    0    0]
 [  10    5    9   25    2  393    3    2    6   27]
 [   6    2   10    3    0   11  505    2   61  164]
 [  11    7    0    0    1    1    2  654    6   20]
 [   2    0    1    0    0    6   35    8  960  302]
 [   4    3   66    1    0   13   63    7  149 2067]]

checkpoint name: r2plus1d_multiclass_15_0.0001 
train loss: 0.03578 || train accuracy: 0.98858 || train f1: 0.98858 || train precision: 0.98858 || train recall: 0.98858
[[3471    7    1    0    5    1    4    6    0    2]
 [   6 3710    4    4    3    8    0    4    1    3]
 [   1    1 4103    9    0    0    5    0    1   25]
 [   0    4   11 2418    2    7    2    0    0    3]
 [   5    2    0    0 1493    0    0    0    0    0]
 [   0    5    2    9    0 1644    0    2    4    6]
 [   2    1    2    4    0    4 2633    2   26   18]
 [   7    2    0    0    0    0    1 2480    4    7]
 [   0    1    0    0    0    3   19    4 4458   37]
 [   3    0   24    5    0    2   16    7   33 8122]]
val loss: 0.72253 || val accuracy: 0.8482 || val f1: 0.8482 || val precision: 0.8482 || val recall: 0.8482
[[ 954    2    1    0    2    3    0    0    2    9]
 [   8  976    5   16    8   23    1    2    4    7]
 [   6    1  911    6    0    4   15    1    5  235]
 [   0    5   17  644    0   26    6    1    1   18]
 [  12    1    0    0  406    1    0    0    0    0]
 [   6   13   11   23    2  380    5    2   11   29]
 [   6    1   13    3    0    4  497    1   82  157]
 [   8   32    0    1    0    1    2  604   22   32]
 [   4    2    1    0    0    2   37    1 1026  241]
 [   7    5   39    4    0   10   55    2  184 2067]]

checkpoint name: r2plus1d_multiclass_16_0.0001 
train loss: 0.03435 || train accuracy: 0.98812 || train f1: 0.98812 || train precision: 0.98812 || train recall: 0.98812
[[3463    6    1    0    5    4    7    4    2    5]
 [   7 3716    2    3    3    6    1    2    2    1]
 [   2    1 4100    6    0    3    2    1    0   30]
 [   1    3    6 2428    0    4    3    0    0    2]
 [   2    7    0    1 1485    5    0    0    0    0]
 [   5    6    1    7    5 1641    3    0    2    2]
 [   6    1    4    1    0    2 2643    1   13   21]
 [   4    5    0    0    1    1    1 2478    7    4]
 [   1    1    1    1    0    3   17    3 4448   47]
 [   3    2   25    3    0    1   19    5   40 8114]]
val loss: 0.73561 || val accuracy: 0.84459 || val f1: 0.84459 || val precision: 0.84459 || val recall: 0.84459
[[ 947    5    1    0    8    1    0    2    3    6]
 [   7  990    6    9    7   18    0    3    4    6]
 [   8    4 1022   10    0    5   12    3    5  115]
 [   1    4   32  636    1   25    4    2    4    9]
 [   3    3    0    0  413    1    0    0    0    0]
 [  11   13   15   33   11  354    2    3   20   20]
 [  22    0   24    2    0   11  410    2  140  153]
 [   5    8    3    0    0    0    2  652   15   17]
 [   3    2    2    0    0    5   15    3 1052  232]
 [  20    7   96    4    0   17   49    8  219 1953]]
